6.0
6.0401
6.0804
6.1209
6.1616
6.2025
6.2436
6.2848997
6.3264
6.3680997
6.41
6.4521
6.4943995
6.5368996
6.5795994
6.6224995
6.6655993
6.7088995
6.7523994
6.796099
6.839999
6.884099
6.928399
6.972899
7.017599
7.062499
7.107599
7.152899
7.1983986
7.2440987
7.2899985
7.3360987
7.3823986
7.428899
7.4755983
7.5224986
7.569598
7.6168985
7.664398
7.712098
7.7599983
7.808098
7.856398
7.9048977
7.953598
8.002498
8.051598
8.100898
8.150398
8.200098
8.249998
8.300097
8.350397
8.400898
8.451597
8.502498
8.553597
8.6048975
8.656397
8.708097
8.759997
8.812098
8.864397
8.916897
8.969597
9.022497
9.075597
9.128897
9.182396
9.236096
9.289996
9.344096
9.3983965
9.452896
9.507596
9.562496
9.617596
9.672895
9.728395
9.784096
9.839995
9.896095
9.952395
10.008896
10.065596
10.122496
10.179595
10.236896
10.294395
10.352095
10.409995
10.468095
10.526395
10.584895
10.643595
10.702495
10.761595
10.820894
10.880394
10.940094
10.999994
